00385
00172
00428
00288
00657
00621
00140
00490
00165
00310
00335
00323
00453
00679
00501
00076
00272
00606
00242
00328
00043
00222
00264
00596
00510
00448
00462
00066
00102
00604
00696
00694
00248
00441
00544
00016
00373
00594
00509
00427
00145
00452
00579
00404
00608
00290
00291
00674
00581
00527
00238
00635
00021
00554
00138
00348
00051
00219
00376
00498
00511
00087
00560
00656
00293
00170
00333
00366
00120
00620
00343
00126
00298
00078
00394
00187
00575
00614
00647
00582
00275
00417
00535
00121
00143
00312
00311
00497
00023
00595
00559
00645
00054
00183
00180
00648
00025
00541
00112
00318
00256
00258
00212
00470
00050
00523
00083
00450
00027
00685
00350
00384
00106
00475
00287
00049
00285
00159
00217
00505
00296
00322
00044
00033
00468
00516
00436
00019
00018
00395
00257
00162
00190
00277
00022
00072
00646
00122
00280
00220
00299
00504
00177
00426
00009
00292
00386
00388
00399
00529
00374
00229
00245
00412
00425
00507
00103
00392
00378
00075
00479
00137
00405
00430
00233
00204
00503
00313
00308
00160
00152
00625
00545
00250
00131
00433
00240
00232
00101
00169
00576
00499
00334
00438
00117
00661
00367
00192
00133
00156
00314
00341
00377
00676
00370
00330
00546
00295
00003
00166
00418
00325
00514
00300
00364
00456
00513
00536
00337
00662
00573
00056
00359
00440
00306
00443
00522
00455
00202
00110
00057
00603
00062
00243
00565
00115
00538
00155
00225
00500
00260
00521
00653
00004
00186
00346
00174
00671
00396
00052
00431
00530
00695
00689
00130
00481
00684
00053
00666
00134
00230
00577
00467
00680
00382
00013
00164
00537
00093
00116
00035
00006
00173
00139
00015
00358
00237
00465
00001
00593
00534
00197
00561
00010
00583
00111
00435
00420
00200
00556
00157
00342
00125
00284
00124
00105
00539
00338
00205
00179
00316
00029
00578
00439
00263
00059
00655
00269
00363
00454
00132
00686
00547
00642
00039
00247
00590
00073
00336
00119
00368
00228
00045
00548
00109
00587
00519
00463
00017
00415
00249
00091
00540
00528
00161
00520
00451
00309
00079
00142
00551
00061
00195
00331
00211
00533
00095
00047
00094
00611
00683
00650
00100
00181
00320
00637
00113
00184
00445
00148
00265
00158
00566
00037
00129
00241
00633
00085
00591
00261
00585
00206
00327
00525
00213
00246
00667
00665
00659
00002
00302
00654
00387
00030
00613
00104
00493
00663
00178
00524
00268
00697
00477
00557
00531
00198
00518
00191
00626
00700
00216
00457
00615
00026
00036
00687
00526
00092
00199
00193
00383
00339
00266
00549
00064
00466
00271
00114
00253
00118
00555
00589
00410
00558
00644
00508
00605
00278
00149
00599
00315
00097
00207
00150
00670
00058
00668
00252
00244
00255
00444
00082
00221
00297
00167
00005
00012
00570
00235
00616
00069
00619
00567
00317
00259
00402
00416
00254
00223
00389
00542
00489
00690
00372
00552
00488
00209
00352
00041
00146
00024
00215
00262
00196
00068
00203
00351
00419
00562
00651
00071
00032
00060
00274
00182
00168
00473
00618
00380
00347
00622
00506
00692
00176
00464
00201
00171
00362
00515
00031
00564
00340
00691
00286
00496
00391
00492
00495
00081
00409
00128
00107
00660
00610
00141
00304
00600
00135
00007
00639
00414
00669
00282
00234
00332
00344
00517
00480
00084
00421
00096
00688
00675
00321